Fecha     Tiempo    PersonasIn  PersonasOut  Personas  Temperatura  Humedad     C02          PM10  PM25
06/29/22  20:45:00  68          69           -1        23.1681537   42.1026916  825.8660278  2     1
06/29/22  20:45:05  68          69           -1        23.1681537   42.1026916  825.8660278  2     1
06/29/22  20:45:11  68          69           -1        23.1681537   42.1026916  825.8660278  2     1
06/29/22  20:45:17  68          69           -1        23.1681537   42.1026916  825.8660278  2     1
06/29/22  20:45:22  68          69           -1        23.1681537   42.1026916  825.8660278  2     1
06/29/22  20:45:28  68          69           -1        23.1681537   42.1026916  825.8660278  2     1
06/29/22  20:45:34  68          69           -1        23.1681537   42.1026916  825.8660278  2     1
06/29/22  20:45:39  68          69           -1        23.1681537   42.1026916  825.8660278  2     1
06/29/22  20:45:45  68          69           -1        23.1681537   42.1026916  825.8660278  2     1
